9001
9003
9007
9009
9011
9013
9017
9019
9021
9023
9027
9029
9031
9033
9037
9039
9041
9043
9047
9049
9051
9053
9057
9059
9061
9063
9067
9069
9071
9073
9077
9079
9081
9083
9087
9089
9091
9093
9097
9099
9101
9103
9107
9109
9111
9113
9117
9119
9121
9123
9127
9129
9131
9133
9137
9139
9141
9143
9147
9149
9151
9153
9157
9159
9161
9163
9167
9169
9171
9173
9177
9179
9181
9183
9187
9189
9191
9193
9197
9199
9201
9203
9207
9209
9211
9213
9217
9219
9221
9223
9227
9229
9231
9233
9237
9239
9241
9243
9247
9249
9251
9253
9257
9259
9261
9263
9267
9269
9271
9273
9277
9279
9281
9283
9287
9289
9291
9293
9297
9299
9301
9303
9307
9309
9311
9313
9317
9319
9321
9323
9327
9329
9331
9333
9337
9339
9341
9343
9347
9349
9351
9353
9357
9359
9361
9363
9367
9369
9371
9373
9377
9379
9381
9383
9387
9389
9391
9393
9397
9399
9401
9403
9407
9409
9411
9413
9417
9419
9421
9423
9427
9429
9431
9433
9437
9439
9441
9443
9447
9449
9451
9453
9457
9459
9461
9463
9467
9469
9471
9473
9477
9479
9481
9483
9487
9489
9491
9493
9497
9499
9501
9503
9507
9509
9511
9513
9517
9519
9521
9523
9527
9529
9531
9533
9537
9539
9541
9543
9547
9549
9551
9553
9557
9559
9561
9563
9567
9569
9571
9573
9577
9579
9581
9583
9587
9589
9591
9593
9597
9599
9601
9603
9607
9609
9611
9613
9617
9619
9621
9623
9627
9629
9631
9633
9637
9639
9641
9643
9647
9649
9651
9653
9657
9659
9661
9663
9667
9669
9671
9673
9677
9679
9681
9683
9687
9689
9691
9693
9697
9699
9701
9703
9707
9709
9711
9713
9717
9719
9721
9723
9727
9729
9731
9733
9737
9739
9741
9743
9747
9749
9751
9753
9757
9759
9761
9763
9767
9769
9771
9773
9777
9779
9781
9783
9787
9789
9791
9793
9797
9799
9801
9803
9807
9809
9811
9813
9817
9819
9821
9823
9827
9829
9831
9833
9837
9839
9841
9843
9847
9849
9851
9853
9857
9859
9861
9863
9867
9869
9871
9873
9877
9879
9881
9883
9887
9889
9891
9893
9897
9899
9901
9903
9907
9909
9911
9913
9917
9919
9921
9923
9927
9929
9931
9933
9937
9939
9941
9943
9947
9949
9951
9953
9957
9959
9961
9963
9967
9969
9971
9973
9977
9979
9981
9983
9987
9989
9991
9993
9997
9999
