70 92
91 32
56 22
84 62
63 17
28 64
16 43
52 59
16 1
62 89
32 17
35 75
19 78
85 18
54 78
21 68
99 24
97 11
73 6
22 81
96 87
81 1
59 11
12 32
72 26
95 25
99 56
33 81
98 69
98 18
85 51
26 18
81 36
41 75
7 53
91 15
67 2
12 72
55 78
55 75
99 79
34 49
81 49
70 66
35 30
33 67
85 72
7 10
84 65
69 99
65 42
43 59
82 84
61 7
81 89
67 67
68 32
80 100
17 48
30 49
68 52
23 62
71 52
68 81
31 7
48 88
98 96
79 43
49 80
20 91
57 29
12 86
37 24
24 92
92 5
8 53
14 59
62 82
62 36
94 81
68 93
40 42
36 66
97 70
12 84
64 68
53 20
44 28
19 41
97 19
71 62
21 5
86 36
71 34
15 100
92 17
10 34
99 83
52 45
80 47
14 15
34 95
22 18
10 77
47 40
54 7
11 17
4 26
59 48
47 27
43 73
59 90
72 52
96 57
56 75
89 75
21 21
39 23
51 43
34 48
6 98
66 87
12 68
16 70
48 23
95 62
4 90
41 5
62 75
2 88
14 69
89 90
64 34
28 79
27 67
64 62
100 84
52 81
2 12
34 19
32 49
90 80
85 35
62 30
69 98
18 63
52 34
68 6
85 68
34 47
8 63
46 49
29 8
71 49
67 83
31 56
87 99
85 21
2 71
20 46
8 23
56 37
95 12
79 75
22 79
93 12
60 81
88 90
39 40
22 10
65 57
55 53
25 52
74 92
37 78
100 46
82 45
56 8
82 28
6 34
97 55
36 50
40 56
47 75
85 78
34 69
73 1
4 41
32 97
26 30
75 68
64 78
85 8
36 71
56 18
73 93
43 52
59 60
34 82
11 6
74 70
71 96
36 98
46 26
7 19
39 71
48 81
41 2
25 84
2 28
72 80
32 26
85 14
47 42
47 70
40 57
5 72
21 62
39 40
59 66
37 46
78 49
2 36
72 18
97 26
6 25
50 69
82 89
30 86
55 81
89 29
52 46
7 93
85 73
38 46
91 95
43 26
14 68
38 44
70 85
9 34
2 27
15 10
47 36
68 44
72 1
47 56
1 24
96 5
2 85
79 85
11 44
64 73
68 76
60 1
86 37
63 20
29 88
75 29
73 75
27 42
49 96
19 25
82 1
85 66
3 83
27 15
39 65
40 90
42 7
43 51
70 27
66 58
86 50
76 92
33 10
6 54
79 34
34 76
94 60
94 71
37 96
12 72
61 76
82 51
53 54
81 76
33 22
23 98
90 71
32 50
3 74
59 37
65 33
44 45
15 58
5 38
9 51
78 68
18 22
75 59
35 22
95 7
57 19
41 17
66 46
71 73
61 68
1 30
74 25
34 44
33 40
42 90
57 42
15 20
78 26
47 41
48 12
83 41
57 4
1 23
47 74
94 23
52 8
84 46
41 77
16 18
59 74
67 58
29 16
41 81
21 6
70 88
80 20
75 52
26 89
62 75
98 25
84 7
52 1
78 67
36 93
66 45
54 95
10 32
64 82
40 2
41 84
4 9
12 21
9 30
5 89
13 22
29 54
6 96
15 32
24 35
80 50
96 41
72 85
19 57
59 87
23 58
18 99
71 26
7 29
69 31
5 11
16 82
29 85
16 22
8 43
45 40
32 39
24 40
49 56
42 94
51 7
57 64
41 68
48 80
10 48
10 16
49 66
50 26
99 78
72 66
57 6
45 68
60 88
43 20
13 8
14 37
100 15
82 22
1 41
40 81
96 63
28 49
26 45
74 78
43 76
82 97
65 51
90 78
49 24
31 33
69 61
27 96
69 20
60 8
40 70
32 99
100 35
31 59
36 25
1 56
53 30
32 34
63 69
44 22
6 11
23 26
73 26
97 49
8 41
10 57
7 47
33 93
52 58
83 16
71 39
21 35
68 75
95 4
25 30
40 38
63 82
59 14
62 35
76 56
64 69
67 37
30 22
80 51
66 33
71 62
96 37
63 43
47 15
44 58
47 23
5 35
48 10
96 15
70 61
81 23
12 33
55 47
97 41
25 34
47 15
3 95
90 94
60 65
74 36
10 3
89 21
82 14
29 88
100 29
52 50
83 80
78 63
55 89
74 26
40 79
25 20
65 42
59 14
1 24
78 32
4 11
76 18
5 85
14 56
58 4
35 17
31 40
80 64
89 85
15 53
72 81
22 91
5 36
11 32
16 57
19 88
5 19
4 47
54 61
16 69
85 11
50 50
13 67
51 29
33 53
33 17
7 4
91 7
38 63
20 53
40 53
24 90
36 44
56 79
47 90
100 71
20 83
49 2
82 84
37 51
67 15
70 21
27 25
88 13
65 65
69 59
48 5
100 44
22 36
77 56
78 20
2 28
29 50
33 2
52 63
77 21
42 70
95 98
10 68
84 82
92 75
31 5
48 91
26 82
37 70
89 54
82 15
64 43
44 62
24 48
69 96
65 52
50 62
29 11
92 11
85 65
69 35
26 67
49 68
37 3
57 37
3 78
72 38
51 18
66 15
62 75
78 86
47 79
89 27
90 27
91 33
67 26
93 11
79 92
95 93
29 67
44 3
40 32
1 67
82 90
16 66
3 43
73 94
72 1
28 62
94 61
87 70
81 12
56 31
23 11
77 2
4 51
34 73
39 95
36 35
52 20
15 52
97 7
7 87
100 20
33 86
8 45
57 19
1 88
50 64
65 23
25 26
50 68
14 11
97 89
60 49
52 48
6 26
65 100
20 13
50 64
9 52
22 57
96 17
32 22
96 45
23 96
15 72
34 72
60 28
28 30
30 72
97 80
79 35
99 13
77 50
1 49
57 37
5 22
95 53
49 36
31 90
14 71
95 97
76 47
77 6
77 3
34 58
92 26
38 65
14 43
43 66
2 15
88 99
3 58
93 83
24 4
26 75
71 37
84 20
26 46
1 12
69 54
31 34
98 12
54 69
86 12
78 48
99 40
97 65
47 1
56 90
64 71
59 82
53 35
32 42
5 78
84 32
66 25
37 14
34 15
78 42
90 20
59 55
20 40
92 55
44 18
40 48
81 8
94 99
40 33
11 25
9 97
21 46
59 26
40 9
51 93
12 18
24 92
31 22
76 95
13 22
21 72
31 4
2 1
34 24
100 94
90 96
41 8
33 10
19 99
43 25
94 21
64 54
27 17
64 46
19 3
74 28
31 40
40 56
79 33
26 25
20 30
90 67
76 12
11 74
98 46
18 5
59 43
60 81
26 37
39 75
2 45
36 64
19 32
64 27
52 49
31 41
7 23
35 20
93 35
32 97
1 43
85 50
82 11
100 96
70 60
56 38
54 71
55 91
69 24
73 70
11 72
95 55
74 69
55 81
29 18
60 87
88 81
44 97
92 21
80 43
32 14
36 35
77 85
61 90
60 46
17 85
39 22
42 63
95 12
29 97
83 75
56 41
37 22
42 99
93 80
93 22
8 24
61 29
70 85
82 21
5 81
2 50
65 43
6 44
40 59
34 86
26 74
95 41
91 14
94 88
9 83
58 38
18 69
53 18
90 40
20 86
87 46
40 74
17 51
62 45
83 8
33 95
87 8
74 79
66 77
11 19
56 75
43 68
38 26
65 47
84 27
25 36
9 70
73 64
61 77
36 34
80 43
2 68
46 66
94 75
93 64
90 4
23 1
78 84
82 60
39 94
29 65
86 63
78 38
14 10
43 38
80 50
69 74
39 34
8 67
30 84
87 53
53 19
54 10
21 82
75 35
99 59
73 3
40 36
46 3
40 6
7 40
14 72
5 27
93 4
88 64
16 74
44 74
35 20
1 97
31 56
66 75
78 81
17 91
93 69
26 14
53 84
7 32
59 66
70 11
75 3
77 57
82 42
62 20
69 17
24 62
89 99
32 41
83 18
38 48
61 27
11 64
47 65
31 17
80 5
60 52
8 6
47 88
59 41
9 8
22 27
78 84
25 62
79 9
56 59
86 16
79 68
84 96
64 78
34 14
65 43
48 93
80 24
65 95
54 39
17 73
57 27
88 94
2 33
91 66
34 9
28 76
23 64
41 12
25 87
81 75
19 42
65 81
75 99
89 81
6 80
7 5
51 62
46 46
64 52
61 36
64 97
12 40
51 86
24 53
79 28
69 57
37 49
99 85
18 63
94 87
44 23
84 100
98 94
97 81
16 61
57 9
49 31
69 20
24 51
78 44
100 2
51 46
83 88
50 49
88 100
22 96
95 83
28 57
37 92
4 24
85 4
35 60
32 85
35 3
46 55
57 13
10 98
85 59
59 92
43 87
82 98
32 64
72 28
72 59
35 8
12 75
87 19
55 98
100 18
72 89
1 97
94 80
90 63
6 79
17 49
98 49
64 98
25 30
88 36
95 96
71 74
44 58
55 9
26 98
87 6
3 97
77 39
53 48
78 18
18 59
7 94
91 16
97 70
57 68
63 36
10 52
9 85
93 53
3 16
21 70
