7299 5452
6521 6569
6824 8098
963 5525
553 2518
1574 1358
2698 6262
9649 1336
4216 377
8046 3643
6015 2767
2311 8516
2622 4858
1530 3432
1256 5678
7759 1899
4604 1733
8810 6241
4999 6983
1549 898
4632 8952
9872 3699
5940 4225
3427 9282
7420 9363
178 6338
8556 4314
8266 345
2789 6687
8108 2390
4701 1648
639 4870
8469 9188
1579 8760
8235 4585
5012 4048
3153 2769
3059 794
3118 3453
5739 544
1956 8376
8842 9741
690 743
6079 2370
7658 3279
5643 264
3189 5623
6827 8
9894 1136
2981 6552
1996 5715
1376 2311
3516 9769
5817 4170
1039 2561
8084 4584
9816 5581
3439 8835
4296 5438
749 1608
2005 594
290 297
9096 2874
9178 3912
3559 7825
7503 9927
1811 1258
619 1758
2338 1609
234 2173
2111 6245
5748 5138
6672 540
9081 6493
1320 4023
2765 419
8751 9824
71 1472
4863 1986
9877 1919
1664 895
5346 4319
1574 2648
9274 7198
9913 2408
8573 3801
4342 4209
5043 1912
2948 8044
2751 7940
2073 971
1943 6058
1102 8018
419 7268
5760 2085
9363 3638
89 2755
3046 7510
2479 4628
9368 9407
1290 1518
6667 7640
3036 5006
538 3345
2748 1510
1610 9053
4163 4065
8050 8359
5947 7455
4173 9678
8197 8381
1869 1874
1162 6132
82 2404
4084 2486
6715 3433
2430 8612
1596 160
4633 7731
6129 2148
9392 6816
1921 9763
6334 8866
2951 352
3855 7343
1581 1350
340 1090
9882 8174
1963 1755
7806 7027
8783 7591
3691 5828
9579 6897
4007 5722
101 2025
2895 7002
2649 4004
2893 3421
4626 7013
1229 1038
2913 1051
9229 5588
1495 9274
4147 1121
7717 7278
4980 7289
1798 9085
2625 6343
4363 5437
7492 5501
4312 839
4012 5323
9805 5578
2838 5730
680 7922
1261 6457
9352 1642
2179 2511
6565 2543
4736 2498
3934 1751
7769 8688
5651 9427
5173 9004
5925 8529
285 1331
9434 7669
914 6031
3525 2664
3011 4747
1734 9857
2446 8617
6926 9108
7367 129
4982 8280
7208 8362
9808 9454
6984 1838
9533 7150
1246 6569
4321 1860
5255 7394
7700 2091
3287 2317
6762 4392
3772 9184
2325 3323
5209 1029
3066 4834
834 6032
81 2718
2611 737
5441 3289
838 5244
4396 5800
1781 535
7126 8046
2684 227
9708 8690
4611 7807
611 8514
8427 1801
5358 439
3766 5942
7188 8202
1564 4005
6960 2632
6859 3151
3995 8626
6654 2529
9560 5000
8737 1133
2830 2168
4724 9790
1659 3665
6623 3163
3687 9708
9381 1550
6567 3869
7820 1572
9619 7223
5948 9111
4618 2574
277 7867
4005 4993
7462 4135
4409 455
5099 2869
1904 3464
3703 91
9818 992
2082 5018
8288 7888
9221 6966
4522 4054
868 3175
8209 2366
2250 2608
2119 408
828 8655
8758 4380
5398 9460
9463 2876
2107 8981
4036 8105
2124 8561
512 2424
310 1508
3157 1589
5168 8938
3389 4745
7429 1975
1717 2729
3376 2567
5823 2847
3653 8017
760 173
2776 6417
2538 1823
4792 3142
2594 9184
6059 9449
1204 8560
6112 6736
1789 1812
1857 6242
7402 5774
280 5164
3655 5407
2403 2179
8763 1610
459 4426
6194 2683
6545 9110
1514 1864
1978 4368
162 6727
7293 7660
3888 544
5322 1848
8594 3716
5790 6
3624 4750
8756 4205
3984 1657
4286 5293
2961 4498
6740 6162
3228 7455
5532 3995
5407 3648
7978 6571
6844 453
2250 7679
4459 7297
7564 3954
2731 2157
6415 2014
4718 5360
450 2067
9110 1357
4151 8109
1578 7086
3480 9169
9246 8656
1502 7111
3298 3902
896 3471
889 7010
9225 7421
6108 6586
717 3367
7040 8920
2285 3633
1718 1836
8441 7686
1890 5157
8998 3642
3374 1030
5457 3662
8080 150
8098 5156
7097 4362
7091 1987
2527 4439
9459 8845
2093 3955
918 2975
9113 9947
9360 8584
7415 6187
5138 1502
2700 9561
6004 3870
7174 1298
1236 6898
2778 5497
830 7176
4317 2845
6716 3312
1207 6011
527 4566
4037 1028
6399 3330
7455 8113
3775 8476
5737 2035
1205 7155
7293 3535
6985 2047
1864 3403
2107 1029
2836 2418
3690 7340
2535 478
946 7374
2826 9159
2950 2321
9164 1670
2575 2023
2552 1519
3539 34
6212 5247
2793 860
4475 5745
2860 2086
1934 632
5918 3551
2502 5560
1471 2168
4925 3397
1982 2837
2494 2705
4656 9430
1994 6896
6958 2615
6877 4127
1299 7877
8432 532
5383 6499
8432 6247
3030 5787
3007 5121
4309 9624
1401 2036
7445 6067
265 2123
280 4333
7309 3475
2676 6637
5415 9963
9782 170
3814 7896
2648 3436
2053 3148
2710 4990
866 2023
3230 4534
2466 6783
1639 1448
4979 4812
1219 8567
4626 9415
7319 6301
5278 6916
4218 1502
2380 7437
5068 8488
1500 3410
9514 6030
2331 8894
3999 453
4395 5291
6605 4830
1601 1608
4364 4422
4061 394
5346 8778
2447 1345
1140 847
1928 8173
3899 9472
1439 9201
635 2873
1749 950
6768 5636
5659 9650
7802 6818
9154 9659
6474 1069
3459 3367
6125 987
1456 5606
4249 6469
3770 2834
2502 7113
933 2085
8207 8349
3977 5676
2552 7365
8363 491
1154 6278
187 2305
5390 5676
3423 125
5262 7225
4992 1905
5426 9551
9186 8038
9761 3760
3162 3809
8726 5748
6252 7652
1037 3819
4211 6136
7918 4739
4356 8937
2362 5404
5204 2594
7363 8426
3001 2459
1105 5163
447 7616
722 7258
1261 1140
1121 5123
9095 7510
8155 7831
9989 803
3694 6691
1955 2092
4851 6508
6426 7353
6413 46
63 6797
7042 9669
7370 1052
8474 4635
2442 1435
4262 2755
9832 9128
9442 2917
4569 3257
7390 4252
6232 7161
4889 124
4323 6672
2495 8456
6020 3730
2278 7891
6946 4507
4307 2741
5225 4457
2018 4976
3656 379
7621 660
7338 6536
3244 4624
952 8147
6822 1865
1053 9278
2439 9632
2329 8013
1019 9567
5497 8524
794 3444
6407 323
61 786
1710 9225
1024 3412
9602 9239
9560 2627
9901 1438
3990 74
5212 5355
2332 3496
4204 1098
7104 1381
8751 7562
8847 3097
1971 3583
212 9097
6293 3229
3465 4611
6721 4996
2189 6749
8622 8887
934 745
7320 7761
6713 4220
1613 5834
6360 6238
4653 4566
1515 1124
267 2847
3730 3805
6233 3220
8954 5130
51 4450
1934 9298
1067 2178
2384 2452
197 7971
5320 6910
4147 9130
2156 7133
20 6615
2369 3158
3352 249
5713 5269
8087 1940
3373 9652
3827 371
1780 4175
9499 8521
2213 4197
7538 2572
2050 337
5567 1220
5622 3449
1382 1632
168 4007
5895 8042
9312 4359
4933 8412
9913 4272
4554 690
4807 2870
1209 8738
6395 1215
980 8826
6534 9093
8143 2137
106 5340
7109 6673
7463 9732
9241 2747
6308 2384
303 5467
2700 376
3244 6245
668 7549
9308 6561
553 7195
9587 2347
5143 9123
9206 3758
5384 3578
1338 6529
1809 4748
29 146
3028 1093
1620 9651
9705 466
8837 3091
3534 8787
6886 7870
7473 5795
357 9255
9691 6795
6617 8757
7775 5892
4489 5019
8579 7675
4796 1101
895 6506
9600 768
2756 8837
2703 3681
2431 499
8223 5657
2141 366
2601 4335
4465 363
3005 4558
6788 8413
3635 1384
5916 9095
7205 3164
5888 8450
8171 2596
1899 2606
9463 3746
880 1308
9283 1404
1197 3691
5255 8453
4338 161
4655 6382
419 3261
3692 4333
204 9227
9498 8877
1365 6967
562 982
9175 6165
2033 5758
2302 4000
553 2064
9887 2818
5670 2477
2891 2532
2323 80
1429 1958
990 1685
4288 7777
8922 5453
6556 7915
1204 5739
563 91
600 115
255 8125
1700 8420
2527 2920
2173 9251
522 9182
8161 90
3507 2932
7421 5217
9581 8276
8768 9308
4128 3391
2495 3636
6252 4662
3274 7243
4590 1402
4495 2746
5809 2066
8942 6413
6567 2254
6461 7682
88 2186
1197 3293
6442 3157
3068 3552
9378 370
1596 3545
8170 1934
2115 2380
723 8387
6677 7283
9165 4493
3952 1603
6933 8300
1974 6961
1357 2777
8384 7509
6914 7884
9504 830
5275 1053
2920 853
6269 6537
7833 86
2055 2055
2783 8493
2426 9516
3291 9453
184 2540
9041 5495
9586 2034
996 6985
5706 4850
206 2197
2048 8301
3188 3907
2683 7893
3464 3433
1190 2737
9521 4314
526 5826
5097 9325
2073 1671
2518 4273
5417 3839
9899 1005
2448 8286
2655 332
1366 6721
862 5752
1401 6965
9871 2358
7061 1764
1254 916
3332 4738
2379 1310
4040 439
9723 1078
1399 1054
205 9189
2805 1806
9495 797
760 8038
2817 5010
1960 6222
1050 8265
5302 8907
6395 5710
3135 4180
1209 9004
5680 4275
2415 4777
2156 9902
5691 2192
5932 5991
8647 8579
4935 7744
1931 5312
2482 3779
3793 4259
2985 1841
9833 4829
8942 2361
511 8724
5809 699
5545 8411
2242 9053
6549 3651
1843 1647
2099 2721
2225 154
6590 3746
3492 2542
5841 1069
7669 6732
7111 9944
112 1649
9108 2158
234 2597
4722 2015
4629 306
4847 5928
817 1049
8149 3796
4709 9921
873 499
7854 417
4761 8459
8647 7744
5455 5132
6330 6859
6283 3624
6422 4375
3601 4739
3650 856
7982 1431
9312 1569
2529 1659
1925 3741
5335 2469
2537 2397
2311 1134
3114 2386
3104 2341
4134 1710
3375 7878
7800 5622
1269 6556
9634 1099
3641 4836
9149 9882
8458 4213
8684 8176
2072 3485
5416 6577
9907 2157
6215 795
1236 1848
3166 407
8011 3016
9401 688
2264 226
9672 455
2942 4155
9341 2485
9620 794
483 8386
766 64
1745 4470
2556 5365
6623 7743
2882 1205
2345 259
9144 7643
3121 3094
2322 2268
3001 4349
4850 6408
5026 5828
5228 1533
8079 2621
7531 9804
2429 9354
1506 80
2135 1613
5894 1804
7444 6925
7258 1492
3860 8284
6522 1294
4652 7800
3629 6042
3662 878
2229 1201
6269 6645
7432 7962
7487 9642
3428 5763
8019 4504
958 589
3669 1419
2364 616
2495 5317
6948 2450
6643 7488
7764 1658
4919 7844
436 9977
4751 188
5561 5460
4065 4852
6379 2411
2149 7878
4504 2485
9612 1525
1386 6544
9267 2521
6775 163
2952 2845
3385 9815
5676 69
7325 3670
409 8052
5999 6642
4277 700
1606 5049
7335 1128
9803 775
5754 1239
5248 492
6753 5145
1503 5360
2026 9743
2304 4885
3782 5406
1679 2412
8887 8884
9725 42
330 1982
4486 2764
4887 7033
2724 7448
8791 9352
7426 5878
2166 3222
2979 1920
3849 524
2003 1381
6914 1956
494 4228
2673 399
3392 1528
6077 1909
5085 1262
451 235
354 303
2174 3386
8571 5146
9400 445
950 7473
7120 746
616 6679
8029 7093
7263 344
1842 5922
4648 6490
6642 2266
4834 8147
1686 6703
1891 2203
4796 1075
665 9843
834 1846
7171 6710
1155 1295
2993 9471
2065 7549
6681 763
7445 5790
876 5984
3827 9055
1976 510
5425 3109
463 4645
3097 8716
8696 9976
8412 2574
8308 4433
2970 6854
9380 8484
5376 293
922 1016
9249 789
9757 707
4040 6285
1184 7894
60 5588
9749 5673
8085 2073
7790 8631
4030 5746
1348 2238
7372 6003
1548 8512
8094 7970
6119 5661
566 7337
8552 9877
2167 4443
1260 824
782 6987
4677 896
2374 409
5303 4674
6407 7038
6935 3569
1151 6250
6832 1027
1540 4140
632 1752
360 7106
3906 8440
4557 5521
6149 6284
7883 3143
8206 7041
8897 5040
5361 3976
7240 5222
1574 753
1502 1852
8305 921
2993 8268
4962 7857
3498 1263
5023 5218
8557 6830
7631 3102
8974 2214
3192 4632
9174 8337
442 7526
630 6323
8158 277
1307 2386
9866 463
7203 170
5990 3545
8271 2192
8388 320
7929 3157
