13

5
1.0 1.0
3.0 1.0
1.0 3.0
5.0 4.0
7.0 7.0

4
1.0 1.0
-1.0 1.0
-1.0 -1.0
1.0 -1.0

6
3.0 3.0
5.0 -2.0
8.0 4.0
12.5 -3.0
-5.0 -1.0
0.0 0.0

78
-70.2 24.1
16.8 -12.7
-40.7 -78.1
-64.6 -83.3
-60.9 -60.4
44.3 66.4
1.4 -79.5
-53.2 46.1
67.1 75.9
74.8 -66.0
70.1 59.6
91.8 87.1
-76.8 -35.9
87.7 -18.5
0.3 -24.6
-9.3 18.0
-96.6 57.8
63.9 2.8
15.4 -34.0
40.8 85.0
53.7 58.9
-65.0 1.8
-94.8 -10.1
-7.4 -93.4
-43.4 74.1
-50.4 36.0
29.6 85.2
-78.7 -78.7
-1.1 27.0
-56.2 95.5
-40.0 -36.0
-59.6 24.9
-88.5 -85.3
-4.9 57.6
0.5 68.5
46.2 18.6
10.4 48.1
-91.7 -81.1
80.0 59.2
81.8 37.3
-40.5 0.5
17.6 -85.1
51.4 -3.0
27.4 57.4
-38.2 24.7
75.4 -89.1
-47.6 7.7
-10.2 -88.3
-27.5 -61.9
-29.4 -38.6
-47.9 95.2
-63.9 -27.2
-30.2 -69.5
8.3 29.1
10.8 19.8
-7.8 7.4
82.3 -29.5
-54.6 94.0
-60.4 -69.1
40.5 62.3
-13.6 13.0
18.2 13.0
-95.9 28.3
11.5 -3.6
-80.1 81.1
58.2 -76.1
1.6 -12.6
-92.3 -46.0
-81.2 -26.3
-83.6 32.0
-48.7 53.4
-54.9 41.4
-31.3 27.6
55.2 -89.1
66.1 77.7
-81.9 17.5
84.1 91.1
-2.9 -3.0

27
2.1 42.5
-34.6 38.0
-74.8 63.7
85.6 -77.8
57.3 -12.2
-18.3 -67.9
-83.4 91.3
-68.4 -95.7
52.8 83.7
99.2 -66.6
-92.3 26.3
-51.2 -72.8
8.2 25.0
38.8 31.7
43.1 -41.6
-49.7 74.0
-17.6 73.9
-53.6 63.4
-13.7 -46.1
20.4 72.2
27.9 -24.1
-2.3 -59.4
97.4 71.2
-47.8 -65.2
2.8 -97.2
18.4 -85.4
-13.3 72.8

33
31.4 -9.1
43.8 90.1
-77.4 96.1
71.9 5.5
-62.9 93.1
-38.4 -52.7
5.3 -15.2
-33.5 -96.6
-75.1 -26.4
73.0 76.0
5.0 -76.2
-6.4 36.3
-46.4 -67.9
36.5 -65.1
-88.7 60.5
33.0 -83.3
21.0 2.9
54.7 52.7
77.3 -62.1
-52.0 17.4
71.6 -76.7
38.9 -69.6
-17.3 43.2
37.8 17.4
-79.3 26.6
-86.7 -16.3
-52.8 5.1
-10.5 -56.0
-3.4 76.3
23.9 34.2
-95.8 29.0
-91.8 -39.9
53.4 7.2

15
22.9 -37.1
-31.4 95.9
-42.5 50.4
52.4 18.9
26.1 89.5
-51.3 1.1
-67.4 -32.1
75.7 95.5
-11.6 87.3
58.8 51.6
-27.3 -12.3
-58.4 41.1
-2.9 5.7
65.5 -13.3
7.3 -20.7

15
-47.7 -22.8
84.9 -55.3
-45.2 29.1
94.3 5.1
6.0 -57.2
-53.6 -61.1
33.2 -97.6
49.2 26.0
14.4 96.5
78.5 -2.5
-83.0 96.0
-35.1 -14.0
-42.5 -22.1
-57.2 92.0
-38.5 -37.6

66
-16.0 88.8
56.8 52.2
-3.8 -48.1
63.0 10.6
-33.3 64.9
66.7 -63.7
82.3 -86.1
-64.7 75.5
-16.0 14.4
-25.1 82.4
-52.9 0.7
58.4 -80.5
11.0 -55.0
-67.7 5.3
0.0 73.8
0.5 -45.7
9.9 0.5
-10.2 -12.4
-92.1 -95.7
-97.1 -17.6
-20.6 39.7
19.5 46.3
69.0 52.2
7.3 25.1
37.8 -76.7
61.8 82.3
96.7 57.0
35.4 42.7
-14.9 33.2
-3.9 -54.0
62.1 -38.1
-11.5 0.1
88.4 65.4
47.1 -93.5
67.4 24.6
-23.5 61.5
72.4 43.0
43.1 -57.1
31.5 -25.2
-57.3 65.2
-29.8 -81.9
-20.4 71.9
-7.5 61.7
45.4 -3.4
-73.9 38.4
-23.5 -85.2
8.1 39.0
22.0 -15.5
-9.1 57.4
0.1 4.4
-22.6 -94.0
56.4 36.7
56.1 89.2
26.0 -52.8
95.4 58.8
-31.5 84.7
-22.4 -69.3
22.4 -79.2
-43.8 70.2
68.5 76.3
-27.9 80.9
-64.9 -74.9
29.2 26.0
44.8 -30.2
-44.9 -34.6
87.0 69.0

17
24.8 17.3
-99.2 84.4
-38.4 14.0
75.0 -81.3
-98.5 -16.4
-41.0 -25.2
93.2 28.9
-70.6 -19.8
92.0 36.7
-36.5 -87.3
9.6 91.3
7.2 41.8
-56.8 -72.3
-13.9 -96.0
70.8 22.3
42.5 23.0
-22.4 37.2

72
-97.3 -67.8
-87.4 -76.6
-37.6 -29.0
36.7 -34.8
90.2 2.4
66.9 64.4
75.6 71.6
-61.8 -65.2
-60.0 -31.1
-74.3 68.0
-44.7 -11.2
-37.0 6.3
-33.6 12.6
-10.8 -75.6
41.4 51.1
-45.1 -94.1
-27.4 -27.6
99.2 11.9
-22.3 45.0
-45.0 6.4
-34.8 51.4
-46.6 -94.7
98.2 45.8
-96.5 -72.0
88.3 93.9
77.4 28.2
12.8 -22.5
-77.7 -27.1
-62.8 8.6
-65.6 -51.5
-6.7 92.7
-17.0 54.9
-37.9 79.7
22.3 79.2
-18.6 -55.7
50.1 -41.9
-39.1 -54.4
50.3 -57.0
-57.2 55.6
82.5 -87.5
-31.5 45.8
38.8 78.6
-48.6 37.4
-22.4 -13.4
98.9 2.5
-58.1 88.1
-30.7 25.8
13.7 -50.0
-84.1 -65.7
-83.8 -12.8
-48.2 26.7
-76.1 92.6
37.3 -70.5
-91.6 3.2
-7.1 -14.5
53.2 87.8
40.6 -93.9
5.2 19.4
-92.7 86.9
37.6 -66.0
2.5 49.6
-97.8 79.9
10.4 83.3
-64.9 5.0
-5.9 -35.3
-2.9 -32.0
94.2 54.9
-31.7 32.0
56.0 27.8
22.5 -77.3
-40.6 67.3
-4.0 -40.7

15
37.7 -77.0
-88.9 -37.6
40.9 79.6
-47.3 69.1
20.2 17.3
-66.8 -88.4
-29.1 -64.6
-99.9 -64.6
53.1 -68.2
-71.0 14.5
5.7 -25.9
-88.1 -6.9
62.1 -27.6
-31.4 -2.6
-50.9 68.0

25
-40.3 -86.0
6.6 -14.8
2.2 -8.3
85.0 92.3
19.8 -15.9
-67.9 77.9
12.1 69.4
-47.9 -62.7
-73.0 30.2
60.1 42.9
12.8 -4.4
-29.2 -62.9
-64.5 85.6
49.3 -7.2
60.8 1.4
50.9 38.6
-66.8 -84.7
29.6 -63.1
52.6 30.3
79.1 26.7
-38.7 54.9
-31.8 -60.2
10.4 12.5
48.7 -11.3
66.4 -11.3

47
-61.8 29.2
70.8 -70.7
-33.2 -77.7
20.6 -99.4
84.9 95.4
91.5 -78.8
99.9 -50.1
2.7 38.4
-25.5 -94.6
-65.1 -64.9
-71.3 -29.7
94.7 63.1
-98.9 -14.5
35.0 -71.0
16.4 27.4
-83.0 -39.7
2.9 -63.7
-37.3 -60.8
-76.0 38.2
90.1 3.0
89.5 -65.7
-64.0 -44.4
42.4 19.4
30.5 35.3
-89.3 0.3
-12.1 72.8
-98.7 38.6
-73.9 29.7
-83.0 -58.4
-7.3 32.0
98.8 21.9
-78.0 -69.2
-95.7 59.7
-99.2 -21.7
-83.4 -17.9
21.3 90.2
75.5 0.7
55.1 19.2
29.5 -6.3
-66.3 -15.0
-3.1 -72.3
-85.7 -11.5
-43.5 31.5
-38.8 15.1
32.4 -91.8
-91.6 5.4
17.7 -11.6
